(0,0)
(0,0)
(1,0)
(2,0)
(3,0)
(4,0)
(5,0)
(6,0)
(7,0)
(8,0)
(9,0)
(10,0)
(11,0)
(12,0)
(13,0)
(14,0)
(15,0)
(16,0)
(17,0)
(18,0)
(19,0)
(20,0)
(20,0)
(21,0)
(22,0)
(23,0)
(24,0)
(25,0)
(26,0)
(27,0)
(28,0)
(29,0)
(30,0)
(31,0)
(32,0)
(33,0)
(34,0)
(35,0)
(36,0)
(37,0)
(38,0)
(39,0)
(39,1)
(39,2)
(39,3)
(39,4)
(39,5)
(39,5)
(40,5)
(41,5)
(42,5)
(43,5)
(44,5)
(45,5)
(46,5)
(46,6)
(46,7)
(46,8)
(46,9)
(46,10)
(46,11)
(46,12)
(46,13)
(46,14)
(46,15)
(46,16)
(46,17)
(46,17)
(47,17)
(48,17)
(49,17)
(50,17)
(51,17)
(52,17)
(53,17)
(54,17)
(55,17)
(56,17)
(57,17)
(58,17)
(59,17)
(60,17)
(61,17)
(62,17)
(62,18)
(62,19)
(62,19)
(63,19)
(64,19)
(65,19)
(66,19)
(67,19)
(68,19)
(69,19)
(70,19)
(71,19)
(72,19)
(72,20)
(72,21)
(72,22)
(72,23)
(72,24)
(72,25)
(72,26)
(72,27)
(72,28)
(72,28)
(73,28)
(74,28)
(75,28)
(76,28)
(77,28)
(78,28)
(79,28)
(80,28)
(81,28)
(82,28)
(83,28)
(84,28)
(85,28)
(86,28)
(87,28)
(88,28)
(89,28)
(90,28)
(91,28)
(92,28)
(92,29)
(92,30)
(92,31)
(92,32)
(92,32)
(93,32)
(94,32)
(95,32)
(96,32)
(97,32)
(98,32)
(99,32)
(100,32)
(101,32)
(102,32)
(103,32)
(104,32)
(105,32)
(106,32)
(107,32)
(108,32)
(109,32)
(110,32)
(111,32)
(112,32)
(113,32)
(114,32)
(114,33)
(114,33)
(115,33)
(116,33)
(117,33)
(118,33)
(119,33)
(119,32)
(119,31)
(119,30)
(119,29)
(119,29)
(120,29)
(121,29)
(122,29)
(122,28)
(122,27)
(122,27)
(123,27)
(124,27)
(125,27)
(126,27)
(127,27)
(128,27)
(129,27)
(130,27)
(131,27)
(132,27)
(133,27)
(134,27)
(135,27)
(136,27)
(137,27)
(138,27)
(139,27)
(140,27)
(141,27)
(141,26)
(141,25)
(141,24)
(141,23)
(141,22)
(141,22)
(142,22)
(143,22)
(144,22)
(145,22)
(146,22)
(146,23)
(146,24)
(146,25)
(146,25)
(147,25)
(148,25)
(149,25)
(150,25)
(151,25)
(152,25)
(153,25)
(154,25)
(155,25)
(156,25)
(157,25)
(158,25)
(159,25)
(160,25)
(161,25)
(162,25)
(163,25)
(164,25)
(165,25)
(166,25)
(167,25)
(167,24)
(167,23)
(167,23)
(168,23)
(169,23)
(170,23)
(171,23)
(172,23)
(173,23)
(174,23)
(175,23)
(176,23)
(177,23)
(178,23)
(179,23)
(180,23)
(181,23)
(182,23)
(183,23)
(184,23)
(185,23)
(185,23)
(186,23)
(187,23)
(188,23)
(189,23)
(190,23)
(191,23)
(192,23)
(193,23)
(194,23)
(195,23)
(196,23)
(197,23)
(198,23)
(199,23)
(200,23)
(201,23)
(201,22)
(201,22)
(202,22)
(203,22)
(204,22)
(205,22)
(206,22)
(206,23)
(206,24)
(206,25)
(206,26)
(206,27)
(206,28)
(206,29)
(206,30)
(206,31)
(206,32)
(206,33)
(206,34)
(206,35)
(206,36)
(206,37)
(206,38)
(206,39)
(206,40)
(206,41)
(206,41)
(207,41)
(208,41)
(209,41)
(210,41)
(211,41)
(212,41)
(213,41)
(214,41)
(215,41)
(215,41)
(216,41)
(217,41)
(218,41)
(219,41)
(220,41)
(221,41)
(222,41)
(223,41)
(224,41)
(225,41)
(226,41)
(226,42)
(226,43)
(226,44)
(226,45)
(226,46)
(226,47)
(226,48)
(226,49)
(226,49)
(227,49)
(228,49)
(229,49)
(230,49)
(231,49)
(232,49)
(233,49)
(234,49)
(235,49)
(236,49)
(237,49)
(238,49)
(239,49)
(240,49)
(241,49)
(242,49)
(243,49)
(244,49)
(245,49)
(246,49)
(247,49)
(248,49)
(248,49)
(249,49)
(250,49)
(251,49)
(252,49)
(253,49)
(254,49)
(255,49)
(256,49)
(257,49)
(258,49)
(259,49)
(260,49)
(261,49)
(261,50)
(261,50)
(262,50)
(263,50)
(264,50)
(265,50)
(266,50)
(267,50)
(268,50)
(269,50)
(270,50)
(271,50)
(272,50)
(273,50)
(274,50)
(275,50)
(276,50)
(277,50)
(278,50)
(279,50)
(279,50)
(280,50)
(281,50)
(282,50)
(283,50)
(284,50)
(285,50)
(286,50)
(287,50)
(288,50)
(289,50)
(290,50)
(291,50)
(292,50)
(293,50)
(294,50)
(295,50)
(296,50)
(297,50)
(298,50)
(299,50)
(300,50)
(300,51)
(300,52)
(300,52)
(301,52)
(302,52)
(303,52)
(304,52)
(305,52)
(306,52)
(307,52)
(308,52)
(309,52)
(310,52)
(311,52)
(312,52)
(313,52)
(314,52)
(315,52)
(316,52)
(317,52)
(318,52)
(319,52)
(319,53)
(319,54)
(319,55)
(319,55)
(320,55)
(321,55)
(322,55)
(323,55)
(324,55)
(325,55)
(326,55)
(327,55)
(328,55)
(329,55)
(330,55)
(331,55)
(332,55)
(333,55)
(334,55)
(335,55)
(336,55)
(337,55)
(338,55)
(339,55)
(339,56)
(339,56)
(340,56)
(341,56)
(342,56)
(343,56)
(344,56)
(345,56)
(346,56)
(347,56)
(348,56)
(349,56)
(350,56)
(351,56)
(352,56)
(353,56)
(354,56)
(355,56)
(356,56)
(357,56)
(358,56)
(358,57)
(358,58)
(358,59)
(358,59)
(359,59)
(360,59)
(361,59)
(362,59)
(363,59)
(364,59)
(365,59)
(365,60)
(365,61)
(365,62)
(365,63)
(365,64)
(365,65)
(365,65)
(366,65)
(367,65)
(368,65)
(369,65)
(370,65)
(371,65)
(372,65)
(373,65)
(374,65)
(375,65)
(376,65)
(377,65)
(378,65)
(379,65)
(380,65)
(381,65)
(382,65)
(383,65)
(383,66)
(383,67)
(383,68)
(383,69)
(383,70)
(383,71)
(383,71)
(384,71)
(385,71)
(385,72)
(385,73)
(385,74)
(385,75)
(385,76)
(385,77)
(385,78)
(385,79)
(385,80)
(385,81)
(385,81)
(386,81)
(387,81)
(388,81)
(388,82)
(388,83)
(388,84)
(388,85)
(388,86)
(388,87)
(388,88)
(388,89)
(388,90)
(388,91)
(388,92)
(388,93)
(388,94)
(388,94)
(389,94)
(390,94)
(391,94)
(391,95)
(391,96)
(391,97)
(391,98)
(391,99)
(391,100)
(391,101)
(391,102)
(391,103)
(391,104)
(391,105)
(391,106)
(391,107)
(391,108)
(391,109)
(391,110)
(391,110)
(392,110)
(393,110)
(394,110)
(395,110)
(396,110)
(397,110)
(398,110)
(399,110)
(400,110)
(401,110)
(402,110)
(403,110)
(404,110)
(405,110)
(406,110)
(407,110)
(407,111)
(407,112)
(407,113)
(407,114)
(407,115)
(407,116)
(407,116)
(408,116)
(409,116)
(410,116)
(410,117)
(410,118)
(410,119)
(410,120)
(410,121)
(410,122)
(410,123)
(410,124)
(410,125)
(410,126)
(410,127)
(410,128)
(410,129)
(410,130)
(410,131)
(410,132)
(410,133)
(410,134)
(410,134)
(411,134)
(412,134)
(413,134)
(414,134)
(415,134)
(416,134)
(417,134)
(418,134)
(419,134)
(420,134)
(421,134)
(422,134)
(423,134)
(424,134)
(425,134)
(426,134)
(427,134)
(428,134)
(428,134)
(429,134)
(430,134)
(431,134)
(432,134)
(433,134)
(434,134)
(435,134)
(435,135)
(435,136)
(435,137)
(435,138)
(435,139)
(435,140)
(435,141)
(435,142)
(435,143)
(435,144)
(435,145)
(435,146)
(435,147)
(435,148)
(435,149)
(435,149)
(436,149)
(437,149)
(438,149)
(439,149)
(440,149)
(441,149)
(442,149)
(443,149)
(444,149)
(444,150)
(444,151)
(444,151)
(445,151)
(445,152)
(445,153)
(445,154)
(445,155)
(445,156)
(445,157)
(445,158)
(445,159)
(445,160)
(445,161)
(445,162)
(445,163)
(445,164)
(445,165)
(445,166)
(445,167)
(445,168)
(445,169)
(445,170)
(445,170)
(446,170)
(447,170)
(448,170)
(448,171)
(448,172)
(448,173)
(448,174)
(448,175)
(448,176)
(448,177)
(448,178)
(448,179)
(448,180)
(448,181)
(448,182)
(448,183)
(448,184)
(448,185)
(448,186)
(448,187)
(448,188)
(448,189)
(448,190)
(448,191)
(448,191)
(449,191)
(450,191)
(451,191)
(452,191)
(453,191)
(454,191)
(455,191)
(456,191)
(457,191)
(458,191)
(459,191)
(460,191)
(461,191)
(462,191)
(463,191)
(464,191)
(464,192)
(464,192)
(465,192)
(466,192)
(467,192)
(468,192)
(469,192)
(470,192)
(471,192)
(472,192)
(473,192)
(474,192)
(475,192)
(476,192)
(477,192)
(478,192)
(479,192)
(480,192)
(481,192)
(482,192)
(482,193)
(482,194)
(482,195)
(482,196)
(482,197)
(482,197)
(483,197)
(484,197)
(485,197)
(486,197)
(487,197)
(488,197)
(489,197)
(490,197)
(491,197)
(492,197)
(492,197)
(493,197)
(494,197)
(495,197)
(496,197)
(497,197)
(498,197)
(499,197)
(500,197)
(501,197)
(502,197)
(503,197)
(504,197)
(505,197)
(506,197)
(507,197)
(508,197)
(508,198)
(508,199)
(508,200)
(508,201)
(508,202)
(508,203)
(508,204)
(508,204)
(509,204)
(510,204)
(511,204)
(512,204)
(512,205)
(512,206)
(512,207)
(512,208)
(512,209)
(512,210)
(512,211)
(512,212)
(512,213)
(512,214)
(512,214)
(513,214)
(514,214)
(515,214)
(516,214)
(517,214)
(518,214)
(519,214)
(520,214)
(521,214)
(522,214)
(523,214)
(524,214)
(525,214)
(526,214)
(527,214)
(528,214)
(529,214)
(530,214)
(531,214)
(532,214)
(533,214)
(534,214)
(535,214)
(535,215)
(535,215)
(536,215)
(537,215)
(538,215)
(538,216)
(538,217)
(538,218)
(538,219)
(538,220)
(538,221)
(538,222)
(538,223)
(538,224)
(538,225)
(538,226)
(538,227)
(538,228)
(538,229)
(538,230)
(538,231)
(538,232)
(538,232)
(539,232)
(540,232)
(541,232)
(542,232)
(543,232)
(544,232)
(545,232)
(546,232)
(547,232)
(548,232)
(549,232)
(550,232)
(551,232)
(552,232)
(553,232)
(554,232)
(555,232)
(556,232)
(556,233)
(556,234)
(556,235)
(556,235)
(556,236)
(556,237)
(556,238)
(556,239)
(556,240)
(556,241)
(556,241)
(557,241)
(558,241)
(559,241)
(560,241)
(561,241)
(562,241)
(563,241)
(564,241)
(565,241)
(566,241)
(567,241)
(568,241)
(568,242)
(568,243)
(568,244)
(568,245)
(568,246)
(568,247)
(568,248)
(568,249)
(568,249)
(569,249)
(570,249)
(571,249)
(572,249)
(573,249)
(574,249)
(575,249)
(575,250)
(575,251)
(575,252)
(575,253)
(575,254)
(575,255)
(575,256)
(575,257)
(575,258)
(575,259)
(575,260)
(575,261)
(575,261)
(576,261)
(577,261)
(578,261)
(579,261)
(579,262)
(579,263)
(579,264)
(579,265)
(579,266)
(579,267)
(579,268)
(579,269)
(579,270)
(579,271)
(579,272)
(579,273)
(579,274)
(579,275)
(579,276)
(579,277)
(579,278)
(579,279)
(579,279)
(579,280)
(579,281)
(579,282)
(579,283)
(579,284)
(579,285)
(579,286)
(579,287)
(579,288)
(579,289)
(579,290)
(579,290)
(580,290)
(581,290)
(582,290)
(583,290)
(584,290)
(585,290)
(586,290)
(587,290)
(588,290)
(589,290)
(590,290)
(591,290)
(591,291)
(591,292)
(591,293)
(591,293)
(592,293)
(593,293)
(593,294)
(593,295)
(593,296)
(593,297)
(593,298)
(593,299)
(593,300)
(593,301)
(593,302)
(593,303)
(593,304)
(593,305)
(593,306)
(593,307)
(593,308)
(593,309)
(593,310)
(593,311)
(593,312)
(593,313)
(593,313)
(594,313)
(595,313)
(596,313)
(597,313)
(598,313)
(599,313)
(599,314)
(599,315)
(599,316)
(599,317)
(599,318)
(599,319)
(599,320)
(599,321)
(599,322)
(599,323)
(599,324)
(599,325)
(599,326)
(599,326)
(600,326)
(601,326)
(602,326)
(603,326)
(604,326)
(605,326)
(606,326)
(607,326)
(608,326)
(609,326)
(610,326)
(611,326)
(612,326)
(613,326)
(614,326)
(614,327)
(614,328)
(614,329)
(614,329)
(615,329)
(616,329)
(617,329)
(618,329)
(619,329)
(620,329)
(621,329)
(622,329)
(623,329)
(624,329)
(625,329)
(626,329)
(627,329)
(627,330)
(627,331)
(627,332)
(627,333)
(627,334)
(627,335)
(627,336)
(627,337)
(627,338)
(627,339)
(627,339)
(628,339)
(629,339)
(630,339)
(630,340)
(630,341)
(630,342)
(630,343)
(630,344)
(630,345)
(630,346)
(630,347)
(630,348)
(630,349)
(630,350)
(630,351)
(630,352)
(630,353)
(630,354)
(630,355)
(630,356)
(630,357)
(630,358)
(630,359)
(630,360)
(630,360)
(631,360)
(632,360)
(633,360)
(634,360)
(635,360)
(636,360)
(637,360)
(638,360)
(639,360)
(640,360)
(641,360)
(642,360)
(643,360)
(644,360)
(644,361)
(644,362)
(644,363)
(644,364)
(644,365)
(644,365)
(645,365)
(646,365)
(647,365)
(648,365)
(649,365)
(649,366)
(649,367)
(649,368)
(649,369)
(649,370)
(649,371)
(649,372)
(649,373)
(649,374)
(649,375)
(649,376)
(649,377)
(649,378)
(649,379)
(649,379)
(650,379)
(651,379)
(652,379)
(653,379)
(654,379)
(655,379)
(656,379)
(657,379)
(658,379)
(659,379)
(660,379)
(661,379)
(662,379)
(663,379)
(664,379)
(665,379)
(666,379)
(667,379)
(668,379)
(669,379)
(669,380)
(669,381)
(669,381)
(670,381)
(671,381)
(672,381)
(673,381)
(674,381)
(675,381)
(676,381)
(677,381)
(678,381)
(679,381)
(680,381)
(681,381)
(682,381)
(682,382)
(682,383)
(682,384)
(682,385)
(682,386)
(682,387)
(682,388)
(682,389)
(682,389)
(683,389)
(684,389)
(685,389)
(686,389)
(687,389)
(688,389)
(689,389)
(690,389)
(690,390)
(690,391)
(690,392)
(690,393)
(690,394)
(690,395)
(690,396)
(690,397)
(690,398)
(690,399)
(690,400)
(690,401)
(690,402)
(690,402)
(691,402)
(692,402)
(693,402)
(694,402)
(695,402)
(696,402)
(697,402)
(697,403)
(697,403)
(698,403)
(699,403)
(700,403)
(701,403)
(702,403)
(703,403)
(704,403)
(705,403)
(705,404)
(705,405)
(705,406)
(705,407)
(705,408)
(705,409)
(705,410)
(705,411)
(705,412)
(705,413)
(705,414)
(705,415)
(705,415)
(706,415)
(707,415)
(708,415)
(709,415)
(709,416)
(709,417)
(709,418)
(709,419)
(709,420)
(709,421)
(709,422)
(709,423)
(709,424)
(709,425)
(709,426)
(709,427)
(709,428)
(709,429)
(709,430)
(709,431)
(709,432)
(709,432)
(710,432)
(711,432)
(712,432)
(713,432)
(714,432)
(715,432)
(716,432)
(717,432)
(718,432)
(719,432)
(720,432)
(721,432)
(722,432)
(723,432)
(724,432)
(724,433)
(724,433)
(725,433)
(726,433)
(727,433)
(728,433)
(729,433)
(730,433)
(731,433)
(732,433)
(733,433)
(734,433)
(735,433)
(736,433)
(737,433)
(737,434)
(737,435)
(737,436)
(737,437)
(737,438)
(737,439)
(737,440)
(737,440)
(738,440)
(739,440)
(740,440)
(741,440)
(742,440)
(743,440)
(744,440)
(745,440)
(745,441)
(745,441)
(746,441)
(747,441)
(748,441)
(749,441)
(750,441)
(751,441)
(752,441)
(753,441)
(754,441)
(755,441)
(756,441)
(757,441)
(758,441)
(759,441)
(760,441)
(761,441)
(762,441)
(763,441)
(763,442)
(763,443)
(763,444)
(763,445)
(763,446)
(763,446)
(764,446)
(765,446)
(766,446)
(767,446)
(768,446)
(768,447)
(768,448)
(768,449)
(768,450)
(768,451)
(768,452)
(768,453)
(768,454)
(768,455)
(768,456)
(768,456)
(769,456)
(770,456)
(771,456)
(772,456)
(773,456)
(774,456)
(775,456)
(775,457)
(775,458)
(775,459)
(775,460)
(775,461)
(775,462)
(775,463)
(775,464)
(775,465)
(775,466)
(775,467)
(775,468)
(775,469)
(775,469)
(776,469)
(777,469)
(777,470)
(777,471)
(777,472)
(777,473)
(777,474)
(777,475)
(777,476)
(777,477)
(777,478)
(777,479)
(777,480)
(777,481)
(777,482)
(777,483)
(777,484)
(777,485)
(777,486)
(777,487)
(777,488)
(777,489)
(777,490)
(777,490)
(778,490)
(779,490)
(780,490)
(781,490)
(782,490)
(783,490)
(784,490)
(784,491)
(784,492)
(784,493)
(784,494)
(784,495)
(784,496)
(784,497)
(784,498)
(784,499)
(784,500)
(784,500)
(785,500)
(786,500)
(787,500)
(788,500)
(789,500)
(789,501)
(789,502)
(789,503)
(789,504)
(789,505)
(789,506)
(789,507)
(789,508)
(789,509)
(789,510)
(789,511)
(789,512)
(789,513)
(789,514)
(789,515)
(789,515)
(790,515)
(791,515)
(792,515)
(793,515)
(794,515)
(794,516)
(794,517)
(794,518)
(794,519)
(794,520)
(794,521)
(794,522)
(794,523)
(794,524)
(794,525)
(794,526)
(794,526)
(795,526)
(796,526)
(796,527)
(796,528)
(796,529)
(796,530)
(796,531)
(796,532)
(796,533)
(796,534)
(796,535)
(796,536)
(796,537)
(796,538)
(796,539)
(796,540)
(796,541)
(796,542)
(796,543)
(796,544)
(796,545)
(796,546)
(796,547)
(796,547)
(797,547)
(798,547)
(799,547)
(800,547)
(801,547)
(801,548)
(801,549)
(801,550)
(801,551)
(801,552)
(801,553)
(801,554)
(801,555)
(801,556)
(801,557)
(801,558)
(801,559)
(801,560)
(801,561)
(801,561)
(802,561)
(803,561)
(803,562)
(803,563)
(803,564)
(803,565)
(803,566)
(803,567)
(803,568)
(803,569)
(803,570)
(803,571)
(803,572)
(803,573)
(803,574)
(803,575)
(803,576)
(803,577)
(803,578)
(803,579)
(803,579)
(804,579)
(805,579)
(806,579)
(806,580)
(806,581)
(806,582)
(806,583)
(806,584)
(806,585)
(806,586)
(806,587)
(806,588)
(806,589)
(806,590)
(806,591)
(806,592)
(806,593)
(806,594)
(806,594)
(807,594)
(808,594)
(808,595)
(808,596)
(808,597)
(808,598)
(808,599)
(808,600)
(808,601)
(808,602)
(808,603)
(808,604)
(808,605)
(808,606)
(808,607)
(808,608)
(808,609)
(808,610)
(808,611)
(808,612)
(808,613)
(808,614)
(808,615)
(808,616)
(808,616)
(809,616)
(810,616)
(811,616)
(812,616)
(813,616)
(814,616)
(815,616)
(816,616)
(817,616)
(818,616)
(819,616)
(820,616)
(821,616)
(822,616)
(823,616)
(824,616)
(825,616)
(825,617)
(825,617)
(826,617)
(827,617)
(828,617)
(829,617)
(830,617)
(831,617)
(832,617)
(832,618)
(832,619)
(832,620)
(832,621)
(832,622)
(832,623)
(832,624)
(832,625)
(832,626)
(832,626)
(832,627)
(832,628)
(832,629)
(832,630)
(832,631)
(832,632)
(832,633)
(832,634)
(832,635)
(832,636)
(832,637)
(832,638)
(832,639)
(832,640)
(832,640)
(833,640)
(834,640)
(835,640)
(836,640)
(837,640)
(838,640)
(838,641)
(838,642)
(838,643)
(838,644)
(838,645)
(838,646)
(838,647)
(838,648)
(838,649)
(838,650)
(838,651)
(838,652)
(838,653)
(838,654)
(838,655)
(838,656)
(838,657)
(838,658)
(838,658)
(839,658)
(840,658)
(841,658)
(842,658)
(843,658)
(844,658)
(845,658)
(846,658)
(847,658)
(848,658)
(849,658)
(850,658)
(850,659)
(850,660)
(850,660)
(851,660)
(852,660)
(853,660)
(854,660)
(855,660)
(856,660)
(857,660)
(858,660)
(859,660)
(859,661)
(859,662)
(859,663)
(859,664)
(859,665)
(859,666)
(859,667)
(859,668)
(859,669)
(859,670)
(859,671)
(859,672)
(859,673)
(859,673)
(860,673)
(861,673)
(862,673)
(863,673)
(864,673)
(865,673)
(866,673)
(867,673)
(868,673)
(869,673)
(870,673)
(871,673)
(872,673)
(873,673)
(874,673)
(874,674)
(874,675)
(874,676)
(874,677)
(874,678)
(874,679)
(874,680)
(874,680)
(875,680)
(876,680)
(877,680)
(878,680)
(879,680)
(880,680)
(881,680)
(881,681)
(881,682)
(881,683)
(881,684)
(881,685)
(881,685)
(882,685)
(883,685)
(884,685)
(885,685)
(886,685)
(887,685)
(888,685)
(889,685)
(890,685)
(891,685)
(892,685)
(893,685)
(894,685)
(895,685)
(896,685)
(896,686)
(896,687)
(896,688)
(896,689)
(896,690)
(896,691)
(896,692)
(896,693)
(896,693)
(897,693)
(898,693)
(899,693)
(900,693)
(901,693)
(902,693)
(903,693)
(904,693)
(905,693)
(906,693)
(906,694)
(906,695)
(906,696)
(906,697)
(906,698)
(906,699)
(906,699)
(907,699)
(908,699)
(909,699)
(910,699)
(911,699)
(912,699)
(913,699)
(914,699)
(915,699)
(915,700)
(915,700)
(916,700)
(917,700)
(918,700)
(919,700)
(920,700)
(921,700)
(922,700)
(923,700)
(924,700)
(925,700)
(926,700)
(927,700)
(928,700)
(929,700)
(930,700)
(931,700)
(932,700)
(933,700)
(934,700)
(935,700)
(936,700)
(937,700)
(938,700)
(939,700)
(939,700)
(940,700)
(941,700)
(942,700)
(943,700)
(944,700)
(945,700)
(946,700)
(947,700)
(948,700)
(949,700)
(950,700)
(951,700)
(952,700)
(953,700)
(953,701)
(953,701)
(954,701)
(955,701)
(956,701)
(957,701)
(958,701)
(959,701)
(960,701)
(961,701)
(962,701)
(963,701)
(964,701)
(965,701)
(966,701)
(967,701)
(968,701)
(969,701)
(970,701)
(971,701)
(972,701)
(973,701)
(974,701)
(974,700)
(974,699)
(974,699)
(975,699)
(976,699)
(977,699)
(978,699)
(979,699)
(980,699)
(981,699)
(982,699)
(983,699)
(984,699)
(985,699)
(986,699)
(987,699)
(987,698)
(987,697)
(987,696)
(987,696)
(988,696)
(989,696)
(990,696)
(991,696)
(992,696)
(993,696)
(994,696)
(995,696)
(996,696)
(997,696)
(998,696)
(999,696)
(1000,696)
(1001,696)
(1002,696)
(1003,696)
(1004,696)
(1005,696)
(1005,695)
(1005,694)
(1005,693)
(1005,693)
(1006,693)
(1007,693)
(1008,693)
(1009,693)
(1010,693)
(1011,693)
(1012,693)
(1013,693)
(1014,693)
(1015,693)
(1016,693)
(1017,693)
(1018,693)
(1019,693)
(1020,693)
(1021,693)
(1022,693)
(1022,694)
(1022,695)
(1022,696)
(1022,696)
(1023,696)
(1024,696)
(1025,696)
(1026,696)
(1027,696)
(1028,696)
(1028,696)
(1029,696)
(1030,696)
(1031,696)
(1031,695)
(1031,695)
(1032,695)
(1033,695)
(1034,695)
(1035,695)
(1036,695)
(1037,695)
(1038,695)
(1039,695)
(1040,695)
(1041,695)
(1042,695)
(1043,695)
(1044,695)
(1045,695)
(1046,695)
(1047,695)
(1048,695)
(1049,695)
(1050,695)
(1051,695)
(1052,695)
(1053,695)
(1053,694)
(1053,694)
(1054,694)
(1055,694)
(1056,694)
(1057,694)
(1058,694)
(1059,694)
(1060,694)
(1061,694)
(1062,694)
(1063,694)
(1064,694)
(1065,694)
(1066,694)
(1067,694)
(1068,694)
(1069,694)
(1070,694)
(1070,694)
(1071,694)
(1072,694)
(1073,694)
(1074,694)
(1075,694)
(1076,694)
(1077,694)
(1078,694)
(1079,694)
(1080,694)
(1081,694)
(1082,694)
(1083,694)
(1084,694)
(1085,694)
(1085,695)
(1085,696)
(1085,697)
(1085,698)
(1085,699)
(1085,700)
(1085,701)
(1085,702)
(1085,703)
(1085,703)
(1086,703)
(1087,703)
(1088,703)
(1089,703)
(1090,703)
(1091,703)
(1092,703)
(1093,703)
(1094,703)
(1095,703)
(1096,703)
(1097,703)
(1098,703)
(1099,703)
(1100,703)
(1101,703)
(1102,703)
(1103,703)
(1103,704)
(1103,705)
(1103,706)
(1103,707)
(1103,707)
(1104,707)
(1105,707)
(1106,707)
(1107,707)
(1108,707)
(1109,707)
(1110,707)
(1111,707)
(1112,707)
(1113,707)
(1114,707)
(1114,708)
(1114,709)
(1114,710)
(1114,711)
(1114,712)
(1114,712)
(1115,712)
(1116,712)
(1117,712)
(1118,712)
(1119,712)
(1120,712)
(1121,712)
(1122,712)
(1123,712)
(1124,712)
(1125,712)
(1126,712)
(1127,712)
(1128,712)
(1129,712)
(1130,712)
(1131,712)
(1132,712)
(1133,712)
(1134,712)
(1135,712)
(1135,712)
(1136,712)
(1137,712)
(1138,712)
(1139,712)
(1140,712)
(1141,712)
(1142,712)
(1143,712)
(1144,712)
(1145,712)
(1146,712)
(1147,712)
(1147,711)
(1147,710)
(1147,709)
(1147,708)
(1147,707)
(1147,706)
(1147,705)
(1147,704)
(1147,704)
(1148,704)
(1149,704)
(1150,704)
(1151,704)
(1152,704)
(1153,704)
(1154,704)
(1155,704)
(1156,704)
(1157,704)
(1158,704)
(1159,704)
(1160,704)
(1161,704)
(1162,704)
(1162,703)
(1162,702)
(1162,701)
(1162,700)
(1162,699)
(1162,698)
(1162,697)
(1162,697)
(1163,697)
(1164,697)
(1165,697)
(1166,697)
(1167,697)
(1168,697)
(1169,697)
(1170,697)
(1171,697)
(1172,697)
(1173,697)
(1174,697)
(1175,697)
(1175,698)
(1175,699)
(1175,700)
(1175,701)
(1175,702)
(1175,703)
(1175,703)
(1176,703)
(1177,703)
(1178,703)
(1179,703)
(1180,703)
(1181,703)
(1182,703)
(1183,703)
(1184,703)
(1185,703)
(1186,703)
(1187,703)
(1188,703)
(1188,703)
(1189,703)
(1190,703)
(1191,703)
(1192,703)
(1193,703)
(1194,703)
(1195,703)
(1196,703)
(1197,703)
(1198,703)
(1199,703)
(1200,703)
(1201,703)
(1202,703)
(1203,703)
(1204,703)
(1205,703)
(1206,703)
(1207,703)
(1208,703)
(1209,703)
(1210,703)
(1210,702)
(1210,702)
(1211,702)
(1212,702)
(1213,702)
(1214,702)
(1215,702)
(1216,702)
(1217,702)
(1218,702)
(1219,702)
(1220,702)
(1221,702)
(1222,702)
(1223,702)
(1224,702)
(1225,702)
(1226,702)
(1227,702)
(1228,702)
(1229,702)
(1230,702)
(1231,702)
(1232,702)
(1232,703)
(1232,704)
(1232,704)
(1233,704)
(1234,704)
(1235,704)
(1236,704)
(1237,704)
(1238,704)
(1239,704)
(1240,704)
(1241,704)
(1242,704)
(1242,705)
(1242,706)
(1242,707)
(1242,708)
(1242,709)
(1242,710)
(1242,711)
(1242,712)
(1242,712)
(1243,712)
(1244,712)
(1245,712)
(1246,712)
(1247,712)
(1247,713)
(1247,714)
(1247,715)
(1247,715)
(1248,715)
(1249,715)
(1250,715)
(1251,715)
(1252,715)
(1253,715)
(1254,715)
(1255,715)
(1256,715)
(1257,715)
(1258,715)
(1259,715)
(1260,715)
(1261,715)
(1262,715)
(1263,715)
(1264,715)
(1265,715)
(1265,716)
(1265,717)
(1265,718)
(1265,719)
(1265,719)
(1266,719)
(1267,719)
(1268,719)
(1269,719)
(1270,719)
(1271,719)
(1272,719)
(1273,719)
(1274,719)
(1275,719)
(1276,719)
(1277,719)
(1278,719)
(1279,719)
