(0,0)
(0,0)
(1,0)
(2,0)
(3,0)
(4,0)
(5,0)
(6,0)
(7,0)
(8,0)
(9,0)
(10,0)
(11,0)
(12,0)
(13,0)
(14,0)
(15,0)
(15,1)
(15,1)
(16,1)
(17,1)
(18,1)
(19,1)
(20,1)
(21,1)
(22,1)
(22,2)
(22,3)
(22,4)
(22,5)
(22,6)
(22,7)
(22,8)
(22,9)
(22,10)
(22,11)
(22,12)
(22,13)
(22,14)
(22,15)
(22,15)
(23,15)
(24,15)
(25,15)
(26,15)
(27,15)
(28,15)
(29,15)
(30,15)
(30,16)
(30,17)
(30,17)
(31,17)
(32,17)
(33,17)
(34,17)
(35,17)
(36,17)
(37,17)
(37,18)
(37,19)
(37,20)
(37,21)
(37,22)
(37,23)
(37,24)
(37,25)
(37,26)
(37,27)
(37,28)
(37,29)
(37,30)
(37,30)
(38,30)
(39,30)
(40,30)
(41,30)
(42,30)
(43,30)
(44,30)
(45,30)
(46,30)
(47,30)
(48,30)
(49,30)
(50,30)
(51,30)
(52,30)
(53,30)
(54,30)
(55,30)
(56,30)
(57,30)
(58,30)
(58,30)
(59,30)
(60,30)
(61,30)
(62,30)
(63,30)
(64,30)
(65,30)
(66,30)
(67,30)
(68,30)
(69,30)
(70,30)
(71,30)
(72,30)
(73,30)
(74,30)
(75,30)
(76,30)
(77,30)
(78,30)
(79,30)
(79,31)
(79,31)
(80,31)
(81,31)
(82,31)
(83,31)
(84,31)
(85,31)
(86,31)
(87,31)
(88,31)
(89,31)
(90,31)
(91,31)
(92,31)
(93,31)
(94,31)
(95,31)
(96,31)
(97,31)
(98,31)
(99,31)
(100,31)
(101,31)
(102,31)
(103,31)
(103,31)
(104,31)
(105,31)
(106,31)
(107,31)
(108,31)
(109,31)
(110,31)
(111,31)
(112,31)
(113,31)
(114,31)
(115,31)
(116,31)
(117,31)
(118,31)
(119,31)
(120,31)
(121,31)
(122,31)
(123,31)
(123,32)
(123,32)
(124,32)
(125,32)
(126,32)
(127,32)
(128,32)
(129,32)
(130,32)
(131,32)
(132,32)
(133,32)
(134,32)
(135,32)
(136,32)
(137,32)
(138,32)
(139,32)
(140,32)
(141,32)
(141,33)
(141,34)
(141,34)
(142,34)
(143,34)
(144,34)
(145,34)
(146,34)
(147,34)
(148,34)
(149,34)
(150,34)
(151,34)
(152,34)
(153,34)
(154,34)
(155,34)
(155,34)
(156,34)
(157,34)
(158,34)
(159,34)
(160,34)
(161,34)
(162,34)
(163,34)
(164,34)
(165,34)
(166,34)
(167,34)
(168,34)
(169,34)
(170,34)
(171,34)
(172,34)
(173,34)
(174,34)
(175,34)
(175,33)
(175,33)
(176,33)
(177,33)
(178,33)
(179,33)
(180,33)
(181,33)
(182,33)
(183,33)
(184,33)
(185,33)
(186,33)
(187,33)
(188,33)
(189,33)
(190,33)
(191,33)
(192,33)
(193,33)
(194,33)
(195,33)
(196,33)
(196,32)
(196,31)
(196,31)
(197,31)
(198,31)
(199,31)
(200,31)
(201,31)
(202,31)
(203,31)
(204,31)
(205,31)
(206,31)
(207,31)
(208,31)
(209,31)
(209,32)
(209,33)
(209,34)
(209,34)
(210,34)
(211,34)
(212,34)
(213,34)
(214,34)
(215,34)
(216,34)
(217,34)
(218,34)
(219,34)
(219,35)
(219,36)
(219,37)
(219,38)
(219,39)
(219,40)
(219,41)
(219,42)
(219,43)
(219,43)
(220,43)
(221,43)
(222,43)
(223,43)
(224,43)
(225,43)
(226,43)
(227,43)
(228,43)
(229,43)
(230,43)
(231,43)
(232,43)
(233,43)
(234,43)
(235,43)
(236,43)
(237,43)
(238,43)
(239,43)
(239,42)
(239,41)
(239,41)
(240,41)
(241,41)
(242,41)
(243,41)
(244,41)
(245,41)
(245,40)
(245,39)
(245,38)
(245,37)
(245,36)
(245,35)
(245,34)
(245,34)
(246,34)
(247,34)
(248,34)
(249,34)
(250,34)
(251,34)
(252,34)
(253,34)
(254,34)
(255,34)
(256,34)
(257,34)
(258,34)
(259,34)
(260,34)
(261,34)
(262,34)
(263,34)
(264,34)
(265,34)
(266,34)
(267,34)
(268,34)
(268,34)
(269,34)
(270,34)
(271,34)
(272,34)
(273,34)
(274,34)
(275,34)
(276,34)
(277,34)
(278,34)
(279,34)
(280,34)
(281,34)
(282,34)
(283,34)
(284,34)
(285,34)
(286,34)
(286,35)
(286,35)
(287,35)
(288,35)
(289,35)
(290,35)
(291,35)
(292,35)
(293,35)
(294,35)
(295,35)
(296,35)
(297,35)
(298,35)
(299,35)
(300,35)
(301,35)
(301,35)
(302,35)
(303,35)
(304,35)
(305,35)
(306,35)
(307,35)
(307,34)
(307,33)
(307,32)
(307,31)
(307,30)
(307,30)
(308,30)
(309,30)
(310,30)
(311,30)
(312,30)
(313,30)
(314,30)
(315,30)
(316,30)
(317,30)
(318,30)
(319,30)
(320,30)
(321,30)
(321,29)
(321,28)
(321,28)
(322,28)
(323,28)
(324,28)
(325,28)
(326,28)
(327,28)
(328,28)
(329,28)
(330,28)
(331,28)
(332,28)
(333,28)
(334,28)
(334,27)
(334,26)
(334,25)
(334,24)
(334,24)
(335,24)
(336,24)
(337,24)
(338,24)
(339,24)
(340,24)
(341,24)
(342,24)
(343,24)
(344,24)
(345,24)
(346,24)
(347,24)
(348,24)
(348,23)
(348,22)
(348,21)
(348,20)
(348,20)
(349,20)
(350,20)
(351,20)
(352,20)
(353,20)
(354,20)
(355,20)
(356,20)
(357,20)
(358,20)
(359,20)
(360,20)
(361,20)
(362,20)
(363,20)
(364,20)
(365,20)
(366,20)
(366,19)
(366,18)
(366,17)
(366,16)
(366,15)
(366,14)
(366,14)
(367,14)
(368,14)
(369,14)
(370,14)
(371,14)
(372,14)
(373,14)
(374,14)
(375,14)
(376,14)
(377,14)
(378,14)
(379,14)
(380,14)
(381,14)
(382,14)
(383,14)
(384,14)
(384,15)
(384,16)
(384,16)
(385,16)
(386,16)
(387,16)
(388,16)
(389,16)
(390,16)
(391,16)
(392,16)
(393,16)
(394,16)
(395,16)
(396,16)
(397,16)
(398,16)
(399,16)
(400,16)
(401,16)
(402,16)
(402,15)
(402,14)
(402,13)
(402,13)
(403,13)
(404,13)
(405,13)
(406,13)
(407,13)
(408,13)
(409,13)
(410,13)
(411,13)
(412,13)
(413,13)
(414,13)
(415,13)
(416,13)
(417,13)
(417,13)
(418,13)
(419,13)
(420,13)
(421,13)
(422,13)
(423,13)
(424,13)
(425,13)
(426,13)
(427,13)
(428,13)
(429,13)
(430,13)
(431,13)
(432,13)
(433,13)
(434,13)
(435,13)
(436,13)
(437,13)
(438,13)
(439,13)
(439,12)
(439,11)
(439,11)
(440,11)
(441,11)
(442,11)
(443,11)
(444,11)
(445,11)
(446,11)
(447,11)
(448,11)
(449,11)
(450,11)
(451,11)
(452,11)
(453,11)
(454,11)
(455,11)
(456,11)
(457,11)
(458,11)
(459,11)
(460,11)
(461,11)
(462,11)
(463,11)
(463,11)
(464,11)
(465,11)
(466,11)
(467,11)
(468,11)
(468,10)
(468,9)
(468,9)
(469,9)
(470,9)
(471,9)
(472,9)
(473,9)
(474,9)
(475,9)
(476,9)
(477,9)
(478,9)
(479,9)
(480,9)
(481,9)
(482,9)
(483,9)
(484,9)
(484,8)
(484,7)
(484,6)
(484,6)
(485,6)
(486,6)
(487,6)
(488,6)
(489,6)
(490,6)
(491,6)
(492,6)
(493,6)
(494,6)
(495,6)
(496,6)
(497,6)
(498,6)
(499,6)
(500,6)
(500,5)
(500,4)
(500,3)
(500,2)
(500,1)
(500,0)
