9990260
15923100
22899100
19360300
13191500
8396520
7743730
184147000
33322700
71671400
107323000
66082000
71171400
38519300
26698100
98817400
44461200
88425000
115301000
48475500
72278200
43380200
24564300
195156000
31059300
339899000
406229000
317316000
232447000
133648000
83294100
124499000
137830000
279524000
268239000
272206000
122949000
127755000
76088800
197422000
205643000
1319670000
2906230000
1318980000
1183020000
641175000
560880000
429905000
7085130
49227700
82906900
53024500
54927100
25859100
17839800
171885000
27754000
167922000
307325000
223005000
158797000
110389000
76575800
127900000
14522900
13459000
91473800
38684100
50042500
40286200
18522000
166528000
78178800
169551000
386562000
311014000
171231000
105835000
89558800
113850000
37005800
85639200
70109400
49441700
65204000
32798200
24764900
149847000
218300000
353055000
414211000
295120000
137641000
133973000
97808600
125006000
39813100
85061800
130272000
132652000
85316900
61774800
40775300
98323100
105603000
423908000
724389000
488035000
306563000
215084000
128511000
136627000